Total Site Num = 4
Boundary Condition : y
1      0      0      0      0      0      0      0      0      0      0      0      0      0      0      0    
0      0      0.5    0      0      0      0      0      0.5    0      0      0      0      0      0      0    
0      0.5    0      0      0.5    0      0      0      0      0      0      0      0      0      0      0    
0      0      0      0      0      0.5    0      0      0      0      0.5    0      0      0      0      0    
0      0      0.5    0      0      0      0      0      0.5    0      0      0      0      0      0      0    
0      0      0      0.5    0      -1     0.5    0      0      0.5    0      0      0.5    0      0      0    
0      0      0      0      0      0.5    0      0      0      0      0.5    0      0      0      0      0    
0      0      0      0      0      0      0      0      0      0      0      0.5    0      0      0.5    0    
0      0.5    0      0      0.5    0      0      0      0      0      0      0      0      0      0      0    
0      0      0      0      0      0.5    0      0      0      0      0.5    0      0      0      0      0    
0      0      0      0.5    0      0      0.5    0      0      0.5    -1     0      0.5    0      0      0    
0      0      0      0      0      0      0      0.5    0      0      0      0      0      0.5    0      0    
0      0      0      0      0      0.5    0      0      0      0      0.5    0      0      0      0      0    
0      0      0      0      0      0      0      0      0      0      0      0.5    0      0      0.5    0    
0      0      0      0      0      0      0      0.5    0      0      0      0      0      0.5    0      0    
0      0      0      0      0      0      0      0      0      0      0      0      0      0      0      1    
LAPACKE's Eigen value
-2     -1     -1     -1     -9.62771529167128e-17  -1.78638187141243e-17  -7.64441242179869e-32  -3.00594809963357e-47  0      5.26965006690943e-34  5.12652559231393e-32  1      1      1      1      1    


 LAPACKE's Eigen vector
0      0      0      0.288675134594813  0      -0.577350269189626  0.288675134594813  0      0      0.288675134594813  -0.577350269189626  0      0.288675134594813  0      0      0    
-0     -0     -0     -7.17699909954214e-17  -0     -0.707106781186547  -7.17699909954214e-17  -0     -0     -7.17699909954212e-17  0.707106781186548  -0     -7.17699909954214e-17  -0     -0     -0   
0      0      0      0      0      0      0      0.5    0      0      0      -0.5   0      0.5    -0.5   0    
0      -0.5   0.5    -1.0425311499414e-31  -0.5   -1.30125369200672e-33  -5.6150871657079e-32  0      0.5    -1.35931989080359e-31  1.30125369200672e-33  0      0      0      0      0    
0      0      0      0      0      0      0      6.93889390390723e-17  0      0      0      -0.707106781186548  0      2.77555756156289e-17  0.707106781186547  0    
0      0      0      -0.288675134594813  0      -7.28702928890076e-19  -0.288675134594813  0      0      -0.288675134594813  -3.33078814285529e-18  0      0.866025403784439  0      0      0    
-0     0.203709223613988  0.674189660696943  0.00570270085842412  -0.203709223613988  -3.63068337438879e-34  0.0599695300653802  -0     -0.674189660696944  -0.0656722309238043  3.63068337438879e-34  -0     -0     -0     -0     -0   
0      8.78834810451552e-16  -1.21065536115829e-15  0.813985091314589  -8.85375898579681e-16  -1.39901102829825e-32  -0.462410984269235  0      1.212649531478e-15  -0.351574107045354  1.39901102829825e-32  0      0      0      0      0    
0      0      0      0      0      0      0      0.707106781186547  0      0      0      0      0      -0.707106781186547  0      0    
0      -0.0459145197575828  -0.0519000008836634  0.0636836872589449  0.0459145197575828  -1.38996524045796e-32  0.669696849363676  0      0.0519000008836634  -0.733380536622621  1.38996524045796e-32  0      0      0      0      0    
0      -0.675569692252411  0.206820432543827  -0.00260863264400994  0.675569692252411  8.18169210691197e-33  -0.0274323478748679  0      -0.206820432543827  0.0300409805188778  -8.18169210691197e-33  0      0      0      0      0    
-0     0.5    0.5    -8.74936928321754e-32  0.5    -1.30125369200672e-33  -3.97225322560787e-32  0      0.5    -1.69119750643324e-31  1.30125369200672e-33  0      0      0      0      0    
0      0      0      0.408248290463863  0      0.408248290463863  0.408248290463863  0      0      0.408248290463863  0.408248290463863  0      0.408248290463863  0      0      0    
0      0      0      0      0      0      0      0.5    0      0      0      0.5    0      0.5    0.5    0    
1      0      0      0      0      0      0      0      0      0      0      0      0      0      0      0    
0      0      0      0      0      0      0      0      0      0      0      0      0      0      0      1    
